0.1888286488800114
0.19213432230675667
0.19300169237003315
0.19436840977792588
0.2000477954355359
0.2025506198101311
0.20580669747058544
0.21215872033515032
0.21576181303655084
0.2200180986854639
0.2263545627376426
0.22986777411809634
0.23404053348521525
0.23974499785110548
0.24599057726169515
0.25109638669081896
0.25833253975811826
0.2639914265301262
0.26884225037434933
0.2738478411177074
0.2822765469824293
0.28661511005353957
0.2925574972620351
0.2978764109431796
0.30296756383712903
0.31229180546302465
0.3173692604317917
0.32267815490074736
0.32854753941710463
0.3347865446922051
0.3448415342152851
0.349665021576902
0.35858163484743494
0.36324054246966453
0.37018257992334974
0.3791009951907052
0.38530034999166685
0.39419106829291445
0.40269219831263625
0.41172977338590905
0.4197604362631867
0.43089760400524496
0.43882661578821847
0.4463276836158192
0.45840783921035694
0.4675573432935881
0.4767754044999881
0.4855746417386353
0.4940669081204727
0.5040196569574655
0.5128106891432402
0.519499071472787
0.5281053832984592
0.5357049250637376
0.5449546986684516
0.5517611683848798
0.5644078289442355
0.5682261672457284
0.5761819269898264
0.5843238340732254
0.5949328014437004
0.6027368021628801
0.609895337773549
0.6169198121080617
0.6228218233685963
0.6321988908375599
0.6400323416803405
0.6481626828398145
0.6607536676574935
0.6655066383810454
0.6774814603536794
0.6871228809501005
0.7019433832427686
0.7085008684066523
0.7187863536003418
0.726173151704559
0.7337946888245014
0.7441301710397983
0.7523194836627672
0.7580307428734593
0.7627997716025885
0.7719047278449324
0.7743832472748136
0.7795679760461967
0.7791658704376075
0.7747941281775869
0.7909760151982902
0.8001759726053458
0.8049395641001237
0.8067314529509363
0.8086335744812931
0.8113387100611424
0.8142177147367665
0.816367596231239
0.8189476690226315
0.8211825829976882
0.8237856105861913
0.826415273556231
0.8323469046823541
0.8318167779335249
