(0.9675550394350463, 0.8520408154571012, 0.9061308086825957)
(0.6700477322971076, 0.9894273119035881, 0.7990034311500359)
(0.6276816604652722, 0.878875968140624, 0.7323370183555452)
(0.0, 0.0, 0.0)
(0.21938661289022013, 0.9979633391059437, 0.35969873173559086)
(0.1863100634210539, 0.9215246626440307, 0.30995447123030956)
(0.10699128879752164, 0.9999999989561587, 0.1933008745760054)
(0.9911816561002087, 0.5466926064720888, 0.7047017352426795)
(0.21745316570608175, 0.941478438458441, 0.3533034900409847)
(0.99999950000025, 0.001982160553040475, 0.003956474777450049)
