1.8010366573726742
1.6482835168837298
1.500037649096698
1.3555057252074243
1.2164714668640815
1.0930309131093745
0.9790248506655239
0.8815005584813747
0.7959028327777303
0.7257683245014159
0.6702402614080698
0.6256922707448938
0.5893670630670822
0.5612573535072761
0.5369493856405776
0.5190628210487014
0.5028811093954387
0.48970810017368754
0.47908631313223915
0.4705868749562133
0.4619898047141704
0.45580598810197354
0.4491436711021303
0.4441798760933367
0.43985163787678544
0.4340404211833363
0.4306008681529357
0.42673488847238733
0.42300700271534203
0.41989509664048436
0.4149702062213896
0.4117036467476509
0.40751414584879625
0.40495543717672117
0.4020050156388531
0.39729028045788656
0.3940425190774358
0.38927856179279585
0.38655953074803195
0.3818091490398885
0.37806398493083004
0.37263526493673027
0.36957865557894526
0.36551539679182377
0.36047460515249446
0.35594884249176306
0.3511021760062253
0.3464595728262912
0.34236384884948295
0.3374216699016306
0.3321858721022437
0.3281291683475005
0.32317677011600066
0.3185685490664395
0.313796305869617
0.30948202661296825
0.30332987896290936
0.3005541069940764
0.29547367094716553
0.2915987730173194
0.2859333596153445
0.28115607794450115
0.2771753774654598
0.2730513367833176
0.26944042031081034
0.2645832327261632
0.2603340215591786
0.25663023947925867
0.2507015643353105
0.2476508789394177
0.24214592184349312
0.23838587991275795
0.23197569376685048
0.22764490976443794
0.22203313370770128
0.21702315748015105
0.21252510185080167
0.2064287954768848
0.20117010458745843
0.19776904851339122
0.19385649651096346
0.1885482671241346
0.1852478087798069
0.18268836680457973
0.1814812040403766
0.1830183129730758
0.17432617424290534
0.1692639610858212
0.1669265577350975
0.16488695321568347
0.16382202901156145
0.16200670465088532
0.1597809595995928
0.15826569825102146
0.15640648341086605
0.1543835142682563
0.15244483867717976
0.1505243567941282
0.14784614337715876
0.14643842482111413
